x 46 66 65 76 16 45 26 56 36
o 36 56 16 26 76 66 46 65 64 55 25 35 54 45
x 16 76 66 75 46 74 73 65 36 26 56
o 16 76 66 65 56 26 64 36 63 35 15 46 14 13 25 24
o 76 56 75 46 45 36 74 66
o 46 66 16 56 76 15 55 54 14 53 65 13 75 45 12 64 26 36 63 35 25 62 52 44
x 46 45 26 76 36 16 56
o 66 56 36 35 55 16 46 45 15 14 65 44 76 13 75 54 43 12 11 53 26 64 42 34
x 66 26 25 65 64 16 46 36 45 44 76 43 56
o 76 75 66 26 36 25 24 16 46 56 35 45 15 34 23 55 22 65
x 46 66 16 65 45 76 75 64 63 36 44 26 43
o 56 66 16 36 76 75 35 74 46 73 72 55 34 26 15 65 14 45
o 26 66 56 16 15 14 55 65 13 36 35 25 54 53 52 51 64 24 12 76 23 46 45 34 44 43
= 36 66 26 16 76 15 56 46 14 35 13 34 12 11 55 45 25 65 24 23 54 53 33 44 43 52 64 32 31 42 22 21 75 74 41 73 51 63 62 61 72 71
o 16 66 26 76 25 46 45 56
x 66 76 26 36 16 56 46 25 55 24 65 23 22 21 64 63 45 54 35
x 46 66 56 26 45 65 64 76 63 75 62 61 74 44 55 73 54 16 53
o 16 66 76 36 56 35 46 75 15 26 14 13 55 74 73 45 25 72 44 34 54 33
o 26 66 25 56 76 46 36 75 24 23 35 65 16 45 64 34
x 36 16 26 46 76 56 45 55 15 35 44 25 14 54 53 75 43 74 42
x 26 25 76 16 24 23 56 15 36 22 46
x 36 66 56 26 16 65 15 25 24 46 14 13 45 64 63 62 35 44 23 34 12 43 22 21 42 11 33
o 26 76 25 75 56 16 36 46 74 24 55 54 15 35 34 73 66 53 45 23 22 52 51 21 44 33 43 42 72 41 65 64
x 16 15 66 76 14 36 13 12 26 35 25 46 34 56 11 55 24 23 45 75 44
o 26 16 56 36 15 35 46 76 66 45 65 14 34 55 25 54 75 53 74 52
x 36 26 35 34 25 56 76 66 65 46 45 55 44 33 16 15 32 75 43 14 42
x 46 36 45 16 56 66 26 76 55 65 35 25 34 75 24 23 64 22 15 63 44 43 14
x 56 55 76 75 54 16 66 46 26 25 45 36 65 64 24 74 73 63 23 72 22 21 44 43 62 53 42 41 52 51 61 15 14 13 71 12 11 35 34
o 66 36 56 46 65 55 45 26 25 16
o 36 16 56 66 26 46 45 65 55 35 15 64 63 54 34 76 44 43
o 76 36 66 75 35 16 56 46 26 74 25 73 72 15 24 23 71 14 13 55 54 65 53 64
x 16 36 66 15 14 65 76 64 56 46 45 63 62 26 25 13 75 35 24 12 23 34 22
x 46 76 75 56 66 45 74 44 73 72 65 43 42 41 64 63 55
o 36 35 66 26 25 24 56 46 16 65 76 15 64 14 13 12 11 34 75 45 63 23
x 66 36 76 65 26 16 56 46 45 64 15 14 25 35 13 34 33 24 44 55 43 54 23
x 36 76 26 75 46 74 16
o 36 56 66 76 65 26 46 25 75 64 35 63 16 62 61 55 74 24 23 54 53 34 73 72 15 45
x 36 66 16 46 15 56 76 65 14 13 64 75 35 45 55 26 44 54 53 43 25 24 74 34 23 22 42 21 63 62 41 61 52
o 66 56 46 76 45 65 75 26 64 74 63 55 16 73 62 61 72 54 53 52 36 51 71 44 43 42 35 25 24 23 15 22 41 21 14 13 12 11 34 33
o 46 66 56 26 16 36 45 35 34 76 25 75 74 65 33 73 72 55 44 43 15 54
x 76 16 46 36 56 15 66
o 16 66 15 56 65 36 76 46
o 56 26 76 55 66 46 25 54 53 36 16 24 15 75 14 13 35 45 65 44 12 34
o 36 35 16 66 15 76 14 13 26 46 45 56
x 76 36 56 66 75 55 54 74 35 65 46 64 63 73 34 53 33 62 32
x 56 36 66 55 65 64 46 35 76
= 76 36 46 56 45 44 26 25 75 66 43 35 24 23 22 65 64 34 33 32 42 63 62 31 74 73 55 72 21 61 54 53 16 15 41 14 71 13 12 11 52 51
o 36 46 16 76 35 45 75 44 34 43
x 56 55 46 26 66 76 36
o 36 46 45 76 16 35 26 34 15 56 66 55 14 13 54 53 44 33 43 32
o 46 45 26 25 76 56 36 16 75 35 74 15
o 56 46 16 15 26 45 36 25 35 14 76 13 12 24 11 23 22 44 34 43
o 26 25 24 36 16 46 76 35 34 66 56 45 44 15
x 66 76 36 26 35 25 46 56 34 33 24 55 54 75 74 23 73 32 72 22 71
o 46 36 26 16 15 56 55 25 66 45 54 35 65 14 76 64 24 34 13 23
o 16 56 26 36 55 35 46 15 76 14 75 25 66 45
x 76 46 26 75 45 16 25 15 44 43 36 14 13 56 66 42 74 12 24 23 55 35 34 33 54
x 16 15 66 36 76 14 46 56 75 65 45 13 12 74 11 26 64 73 44 43 63 62 55 54 72 53 35 25 52 34 33
o 56 26 36 25 55 76 75 24 66 23
x 26 66 46 76 65 36 45 75 64 25 35 24 34 23 22 74 73 44 63 62 61 21 56 55 33 32 72 54 43 42 53
o 36 56 46 35 34 55 16 26 66 65 45 33 64 54 32 53
o 46 66 76 45 56 55 65 36 35 44 26 64 54 43 42 41 75 34 25 33
x 46 76 75 16 45 15 56 36 44 26 43
x 16 15 66 65 36 35 34 33 46 32 56
x 66 36 56 55 26 16 54 35 65 46 45 25 15 24 44 23 22 21 43 64 42
o 16 26 25 36 15 56 46 66 14 13 24 65 64 35 63 23 12 45 34 55
x 46 45 16 66 36 44 26
o 66 16 26 36 65 76 64 63 62 35 15 34 61 33
x 46 16 15 26 25 45 66 24 65 56 76 36 44 23 55 64 54 63 43
o 16 36 35 15 46 66 56 14 13 34 12 76 65 11 26 75 25 24 23 45 44 74 73 22 64 55 54 53 43 42 21 33
x 26 56 46 76 36 16 55 54 75 53 45 35 74 52 51 25 66 65 73 15 64
o 66 36 46 45 65 26 25 56 64 63 16 15 44 62 35 34 55 54
x 66 76 75 26 36 35 46 56 45 25 24 65 44 43 74 34 16 23 42 33 32 64 63 62 41 55 54
x 76 16 75 66 46 36 56 45 74 73 65 35 72 55 54 15 44 53 64
o 26 56 16 25 15 24 66 55 46 36 35 54 23 53
o 16 66 56 36 55 46 65 45 54 53 15 52 14 13 35 12 64 44 34 43
x 36 76 56 46 35 75 74 73 16 55 34 33 15 32 14 13 26 66 72 31 25 65 45
x 16 46 26 25 36 76 66 15 35 56 34 65 33
o 76 46 36 56 66 75 55 45 26 25 44 24 16 35 65 15
x 66 76 36 56 35 55 16 54 53 75 46 34 26
o 76 16 56 66 36 75 65 74 64 46 63 62 26 25 73 35 72 55 45 54 15 24 23 34 33 44
x 36 76 26 35 46 16 56
o 46 45 16 76 56 55 26 36 75 35 25 34 24 33
o 46 45 16 36 76 44 56 66 26 75 15 55 43 65
x 56 36 26 55 46 76 75 54 74 16 45 53 52 25 35 15 44 43 34 42 24 51 14
x 36 56 66 55 16 46 76 15 75 45 35 14 74 73 26 54 53 44 43 13 12 11 34 25 33
x 66 36 56 46 26 76 45 16 44 75 15 74 73 65 14 35 72 25 13 12 34 64 24
x 26 16 46 45 44 66 25 43 65 64 63 62 61 36 24 23 22 56 42 41 76 35 34 75 21 33 74 73 72 32 55 54 53 31 71 15 14
x 16 46 36 35 66 65 64 56 45 15 63 34 14 76 62 61 44 75 43 13 42
o 46 36 66 76 45 16 56 15 75 14 13 74 44 43 42 12 35 65 26 41 11 55 54 53 64 34 25 24 52 33 23 63
o 16 26 56 15 36 55 35 34 46 66 65 54 45 44 76 64
o 16 36 56 35 76 26 75 74 15 55 25 34 33 46 66 45 65 64 54 73
o 26 16 66 76 56 65 15 55 54 14 46 36 35 13 12 34 25 45 75 33 24 23 64 44 74 43
o 36 26 16 76 25 15 56 14 24 75 23 22 66 46 74 13 12 65 73 55 45 44 72 71 35 34 33 43 54 42 41 53 64 63 62 52 51 61
o 46 56 26 36 25 66 35 76 65 45 75 34 33 24 23 44 74 32 16 15 14 43 42 73 22 55 64 63 21 54
o 16 36 46 35 56 34 33 15 76 66 32 31 65 14 13 75 55 12 54 53 74 64 45 63 73 62 72 44
x 26 36 46 56 55 25 76 75 74 73 24 66 35 34 23 65 22 21 54 53 64 52 16 33 15 72 51 71 32 63 14 13 12 11 62 61 31 45 44
o 36 46 76 26 75 74 66 56 16 45 44 43 15 55 14 13 73 72 42 71 65 54 53 64 63 12 52 35 62 25
x 46 45 16 15 56 36 76 66 14 26 44 65 25 13 55 35 24 43 34
o 26 25 46 76 66 16 45 75 56 36 24 65 64 35 34 23 74 73 44 43 22 21 55 54
x 36 35 46 66 26 34 16
x 46 36 76 35 26 16 66 56 34 15 75 14 13 65 74 73 64 55 45 72 63 54 53 71 33 52 25 24 62 61 23 12 44 51 43
o 16 46 56 26 36 55 54 25 66 35 45 34 76 53 44 33 32 24 23 31 65 43 52 42 22 15
x 56 76 46 75 36 55 66
x 56 26 16 25 76 46 36 15 55 24 23 45 35 66 22 21 65 44 43 14 54
o 56 36 66 76 16 35 26 15 46 25 45 44 65 43 34 33 24 23 64 63 14 13
x 66 36 76 65 56 26 46
o 76 36 46 56 16 66 55 26 25 75 65 64 63 62 35 45 74 34 15 24 23 44 14 54
x 26 25 56 24 16 66 23 46 65 15 14 64 13 36 12 11 35 34 45 63 55
o 66 46 45 16 15 76 56 14 36 65 64 44 13 26 12 35 75 55 43 42 25 34 24 41 11 33 32 54 53 74 63 73 72 23 22 21 62 61 52 51 71 31
